0	0
0.0633333333333333	2.31412962962963
0.126666666666667	4.40096296296296
0.19	6.2605
0.253333333333333	7.89274074074074
0.316666666666667	9.29768518518519
0.38	10.4753333333333
0.443333333333333	11.4256851851852
0.506666666666667	12.1487407407407
0.57	12.6445
0.633333333333333	12.912962962963
0.696666666666667	12.9541296296296
0.76	12.768
0.823333333333333	12.3545740740741
0.886666666666667	11.7138518518519
0.95	10.8458333333333
1.01333333333333	9.75348148148148
1.07666666666667	8.52587037037037
1.14	7.20466666666667
1.20333333333333	5.78987037037037
1.26666666666667	4.28148148148148
1.33	2.6795
1.39333333333333	0.983925925925926
1.45666666666667	-0.805240740740745
1.52	-2.688
1.58333333333333	-4.66435185185185
1.64666666666667	-6.7342962962963
1.71	-8.89783333333333
1.77333333333333	-11.154962962963
1.83666666666667	-13.5056851851852
1.9	-15.95
1.96333333333333	-18.4879074074074
2.02666666666667	-21.085037037037
2.09	-23.453
2.15333333333333	-25.5268148148148
2.21666666666667	-27.3064814814815
2.28	-28.792
2.34333333333333	-29.9833703703704
2.40666666666667	-30.8805925925926
2.47	-31.4836666666667
2.53333333333333	-31.7925925925926
2.59666666666667	-31.8073703703704
2.66	-31.528
2.72333333333333	-30.9544814814815
2.78666666666667	-30.0868148148148
2.85	-28.925
2.91333333333333	-27.469037037037
2.97666666666667	-25.7189259259259
3.04	-23.7466666666667
3.10333333333333	-21.8167592592593
3.16666666666667	-19.9537037037037
3.23	-18.1575
3.29333333333333	-16.4281481481481
3.35666666666667	-14.7656481481482
3.42	-13.17
3.48333333333333	-11.6412037037037
3.54666666666667	-10.1792592592593
3.61	-8.78416666666667
3.67333333333333	-7.45592592592593
3.73666666666667	-6.19453703703704
3.8	-5.00000000000001
3.86333333333333	-3.87231481481482
3.92666666666667	-2.81148148148148
3.99	-1.8175
4.05333333333333	-0.890370370370368
4.11666666666667	-0.0300925925926006
4.18	0.763333333333327
4.24333333333333	1.4899074074074
4.30666666666667	2.14962962962963
4.37	2.7425
4.43333333333333	3.26851851851852
4.49666666666667	3.72768518518519
4.56	4.12
4.62333333333333	4.44546296296296
4.68666666666667	4.70407407407408
4.75	4.89583333333333
4.81333333333333	5.02074074074074
4.87666666666667	5.0787962962963
4.94	5.07
5.00333333333333	4.99435185185185
5.06666666666667	4.85185185185185
5.13	4.6425
5.19333333333333	4.3662962962963
5.25666666666667	4.02324074074074
5.32	3.61333333333333
5.38333333333333	3.13657407407408
5.44666666666667	2.59296296296297
5.51	1.98250000000001
5.57333333333333	1.30518518518519
5.63666666666667	0.561018518518523
5.7	-0.250000000000007
5.76333333333333	-1.12787037037037
5.82666666666667	-2.0725925925926
5.89	-3.08416666666666
5.95333333333333	-4.16259259259259
6.01666666666667	-5.30277777777778
6.08	-6.40266666666667
6.14333333333333	-7.42233333333334
6.20666666666667	-8.36177777777778
6.27	-9.22099999999999
6.33333333333333	-10
6.39666666666667	-10.6987777777778
6.46	-11.3173333333333
6.52333333333333	-11.8556666666667
6.58666666666667	-12.3137777777778
6.65	-12.6916666666667
6.71333333333333	-12.9893333333333
6.77666666666667	-13.2067777777778
6.84	-13.344
6.90333333333333	-13.401
6.96666666666667	-13.3777777777778
7.03	-13.2743333333333
7.09333333333333	-13.0906666666667
7.15666666666667	-12.8267777777778
7.22	-12.4826666666667
7.28333333333333	-12.0583333333333
7.34666666666667	-11.5537777777778
7.41	-10.969
7.47333333333333	-10.304
7.53666666666667	-9.55877777777777
7.6	-8.73333333333334
7.66333333333333	-7.82766666666667
7.72666666666667	-6.84177777777779
7.79	-5.77566666666667
7.85333333333333	-4.62933333333334
7.91666666666667	-3.40277777777777
7.98	-2.096
8.04333333333333	-0.70900000000001
8.10666666666667	0.75822222222223
8.17	2.30566666666666
8.23333333333333	3.9333333333333
8.29666666666667	5.64122222222223
8.36	7.42933333333332
8.42333333333333	9.29766666666667
8.48666666666667	11.2462222222222
8.55	13.275
8.61333333333333	15.384
8.67666666666667	17.5732222222222
8.74	19.8426666666667
8.80333333333333	22.1923333333333
8.86666666666667	24.6222222222222
8.93	27.1323333333333
8.99333333333333	29.7226666666667
9.05666666666667	32.2594259259259
9.12	34.544
9.18333333333333	36.574537037037
9.24666666666667	38.351037037037
9.31	39.8735
9.37333333333333	41.1419259259259
9.43666666666667	42.1563148148148
9.5	42.9166666666667
9.56333333333333	43.4229814814815
9.62666666666667	43.6752592592593
9.69	43.6735
9.75333333333333	43.4177037037037
9.81666666666667	42.9078703703704
9.88	42.144
9.94333333333333	41.1260925925926
10.0066666666667	39.8557037037037
10.07	38.4996666666667
10.1333333333333	37.1703703703704
10.1966666666667	35.8678148148148
10.26	34.592
10.3233333333333	33.3429259259259
10.3866666666667	32.1205925925926
10.45	30.925
10.5133333333333	29.7561481481481
10.5766666666667	28.614037037037
10.64	27.4986666666667
10.7033333333333	26.410037037037
10.7666666666667	25.3481481481481
10.83	24.313
10.8933333333333	23.3045925925926
10.9566666666667	22.3229259259259
11.02	21.368
11.0833333333333	20.4398148148148
11.1466666666667	19.5383703703704
11.21	18.6636666666667
11.2733333333333	17.8157037037037
11.3366666666667	16.9944814814815
11.4	16.2
11.4633333333333	15.4322592592593
11.5266666666667	14.6912592592593
11.59	13.977
11.6533333333333	13.2894814814815
11.7166666666667	12.6287037037037
11.78	11.9946666666667
11.8433333333333	11.3873703703704
11.9066666666667	10.8068148148148
11.97	10.253
12.0333333333333	9.72592592592593
12.0966666666667	9.2255925925926
12.16	8.752
12.2233333333333	8.30514814814815
12.2866666666667	7.88503703703704
12.35	7.49166666666667
12.4133333333333	7.12503703703703
12.4766666666667	6.78514814814815
12.54	6.472
12.6033333333333	6.1855925925926
12.6666666666667	5.92592592592593
12.73	5.693
12.7933333333333	5.48681481481481
12.8566666666667	5.30737037037037
12.92	5.15466666666667
12.9833333333333	5.02870370370371
13.0466666666667	4.92675925925926
13.11	4.841875
13.1733333333333	4.7737037037037
13.2366666666667	4.72224537037037
13.3	4.6875
13.3633333333333	4.66946759259259
13.4266666666667	4.66814814814815
13.49	4.68354166666667
13.5533333333333	4.71564814814815
13.6166666666667	4.76446759259259
13.68	4.83
13.7433333333333	4.91224537037037
13.8066666666667	5.0112037037037
13.87	5.126875
13.9333333333333	5.25925925925926
13.9966666666667	5.40835648148148
14.06	5.57416666666667
14.1233333333333	5.75668981481481
14.1866666666667	5.95592592592593
14.25	6.171875
14.3133333333333	6.40453703703703
14.3766666666667	6.65391203703704
14.44	6.92
14.5033333333333	7.20280092592593
14.5666666666667	7.50231481481481
14.63	7.81854166666667
14.6933333333333	8.15148148148148
14.7566666666667	8.50113425925925
14.82	8.8675
14.8833333333333	9.2505787037037
14.9466666666667	9.65037037037037
15.01	10.0662777777778
15.0733333333333	10.467975308642
15.1366666666667	10.838475308642
15.2	11.1777777777778
15.2633333333333	11.4858827160494
15.3266666666667	11.7627901234568
15.39	12.0085
15.4533333333333	12.223012345679
15.5166666666667	12.4063271604938
15.58	12.5584444444444
15.6433333333333	12.6793641975309
15.7066666666667	12.7690864197531
15.77	12.8276111111111
15.8333333333333	12.8549382716049
15.8966666666667	12.8510679012346
15.96	12.816
16.0233333333333	12.7497345679012
16.0866666666667	12.6522716049383
16.15	12.5236111111111
16.2133333333333	12.3637530864197
16.2766666666667	12.1726975308642
16.34	11.9504444444444
16.4033333333333	11.6969938271605
16.4666666666667	11.4123456790124
16.53	11.0965
16.5933333333333	10.7494567901235
16.6566666666667	10.3712160493827
16.72	9.96177777777779
16.7833333333333	9.52114197530863
16.8466666666667	9.0493086419753
16.91	8.54627777777778
16.9733333333333	8.01204938271605
17.0366666666667	7.44662345679014
17.1	6.84999999999999
17.1633333333333	6.22217901234567
17.2266666666667	5.56316049382717
17.29	4.87294444444446
17.3533333333333	4.15153086419755
17.4166666666667	3.3989197530864
17.48	2.6151111111111
17.5433333333333	1.80010493827161
17.6066666666667	0.953901234567915
17.67	0.0764999999999745
17.7333333333333	-0.832098765432114
17.7966666666667	-1.7718950617284
17.86	-2.74288888888888
17.9233333333333	-3.74508024691356
17.9866666666667	-4.77846913580249
18.05	-5.90416666666668
18.1133333333333	-7.25281481481481
18.1766666666667	-8.82875925925924
18.24	-10.632
18.3033333333333	-12.6625370370371
18.3666666666667	-14.9203703703704
18.43	-17.4055
18.4933333333333	-20.1179259259259
18.5566666666667	-23.0576481481482
18.62	-26.2246666666667
18.6833333333333	-29.6189814814815
18.7466666666667	-33.2405925925926
18.81	-37.0894999999999
18.8733333333333	-41.1657037037038
18.9366666666667	-45.4692037037038
19	-50
