0 0.108578335978427
0.04 0.104295858695904
0.08 0.100132835250811
0.12 0.0960865206929314
0.16 0.0921542262257583
0.2 0.0883333181423033
0.24 0.0846212167800244
0.28 0.0810153954945321
0.32 0.0775133796517511
0.36 0.0741127456382209
0.4 0.0708111198892195
0.44 0.0676061779344032
0.48 0.0644956434606591
0.52 0.0614772873918723
0.56 0.0585489269853156
0.6 0.0557084249443714
0.64 0.0529536885473063
0.68 0.0502826687918156
0.72 0.047693359555068
0.76 0.0451837967689779
0.8 0.0427520576104432
0.84 0.0403962597062867
0.88 0.0381145603526466
0.92 0.0359051557485632
0.96 0.0337662802435157
1 0.0316962055986658
1.04 0.0296932402615679
1.08 0.0277557286541131
1.12 0.0258820504734735
1.16 0.0240706200058222
1.2 0.0223198854526032
1.24 0.020628328269134
1.28 0.0189944625153235
1.32 0.0174168342182939
1.36 0.0158940207466972
1.4 0.014424630196523
1.44 0.0130073007881938
1.48 0.011640700274751
1.52 0.0103235253609375
1.56 0.00905450113298301
1.6 0.00783238049890671
1.64 0.00665594363915019
1.68 0.00552399746735967
1.72 0.0044353751011385
1.76 0.00338893534259423
1.8 0.00238356216850749
1.84 0.00141816422995273
1.88 0.000491674361204056
1.92 -0.000396950902237922
1.96 -0.00124873179665987
2 -0.00206466579434802
2.04 -0.00284572805915559
2.08 -0.0035928718935779
2.12 -0.00430702917748602
2.16 -0.00498911079866697
2.2 -0.00564000707531582
2.24 -0.00626058817062269
2.28 -0.00685170449959531
2.32 -0.00741418712825502
2.36 -0.00794884816534227
2.4 -0.00845648114666474
2.44 -0.00893786141221953
2.48 -0.00939374647621811
2.52 -0.00982487639014074
2.56 -0.010231974098945
2.6 -0.0106157457905505
2.64 -0.0109768812387208
2.68 -0.0113160541394594
2.72 -0.0116339224410373
2.76 -0.0119311286677658
2.8 -0.0122083002376263
2.84 -0.0124660497738683
2.88 -0.0127049754106826
2.92 -0.0129256610930582
2.96 -0.0131286768709255
3 -0.0133145791876896
3.04 -0.0134839111632553
3.08 -0.0136372028716423
3.12 -0.0137749716132877
3.16 -0.0138977221821339
3.2 -0.0140059471275936
3.24 -0.0141001270114863
3.28 -0.0141807306600361
3.32 -0.0142482154110218
3.36 -0.0143030273561649
3.4 -0.0143456015788448
3.44 -0.0143763623872228
3.48 -0.0143957235428613
3.52 -0.0144040884849182
3.56 -0.0144018505499972
3.6 -0.0143893931877346
3.64 -0.0143670901721981
3.68 -0.0143353058091758
3.72 -0.0142943951394299
3.76 -0.014244704137988
3.8 -0.0141865699095456
3.84 -0.0141203208800508
3.88 -0.0140462769845404
3.92 -0.0139647498512968
3.96 -0.0138760429823927
4 -0.0137804519306909
4.04 -0.0136782644733631
4.08 -0.0135697607819923
4.12 -0.0134552135893223
4.16 -0.0133348883527145
4.2 -0.0132090434143751
4.24 -0.0130779301584095
4.28 -0.0129417931647651
4.32 -0.012800870360118
4.36 -0.0126553931657619
4.4 -0.0125055866425534
4.44 -0.0123516696329688
4.48 -0.0121938549003261
4.52 -0.0120323492652247
4.56 -0.0118673537392549
4.6 -0.0116990636560268
4.64 -0.0115276687995707
4.68 -0.0113533535301556
4.72 -0.0111762969075755
4.76 -0.010996672811951
4.8 -0.0108146500620911
4.84 -0.0106303925314623
4.88 -0.0104440592618098
4.92 -0.0102558045744733
4.96 -0.0100657781794433
5 -0.00987412528219706
5.04 -0.00968098668835944
5.08 -0.00948649890622662
5.12 -0.00929079424719495
5.16 -0.00909400092413347
5.2 -0.0088962431477392
5.24 -0.00869764122091343
5.28 -0.00849831163119636
5.32 -0.00829836714129677
5.36 -0.00809791687775303
5.4 -0.00789706641776088
5.44 -0.00769591787420269
5.48 -0.00749456997891258
5.52 -0.00729311816421092
5.56 -0.00709165464274113
5.6 -0.00689026848564132
5.64 -0.00668904569908263
5.68 -0.00648806929920511
5.72 -0.00628741938548249
5.76 -0.00608717321254526
5.8 -0.00588740526049226
5.84 -0.00568818730371931
5.88 -0.00548958847829381
5.92 -0.00529167534790302
5.96 -0.00509451196840373
6 -0.00489815995100016
6.04 -0.00470267852407672
6.08 -0.00450812459371162
6.12 -0.00431455280289679
6.16 -0.00412201558948933
6.2 -0.00393056324291917
6.24 -0.00374024395967687
6.28 -0.00355110389760552
6.32 -0.00336318722902013
6.36 -0.00317653619267706
6.4 -0.00299119114461621
6.44 -0.00280719060789814
6.48 -0.0026245713212574
6.52 -0.00244336828669355
6.56 -0.00226361481602088
6.6 -0.00208534257639696
6.64 -0.00190858163485039
6.68 -0.00173336050182744
6.72 -0.00155970617377685
6.76 -0.0013876441747919
6.8 -0.00121719859732849
6.84 -0.00104839214201719
6.88 -0.00088124615658785
6.92 -0.000715780673923802
6.96 -0.000552014449263377
7 -0.000389964996565574
7.04 -0.000229648624056617
7.08 -7.10804689737399E-05
7.12 8.57254684776358E-05
7.16 0.000240756291937662
7.2 0.000394000176461322
7.24 0.000545446336827736
7.28 0.000695084996574908
7.32 0.000842907357745169
7.36 0.000988905571326832
7.4 0.00113307270837816
7.44 0.0012754027318198
7.48 0.00141589046888191
7.52 0.00155453158419291
7.56 0.00169132255349678
7.6 0.00182626063798571
7.64 0.00195934385923626
7.68 0.00209057097473589
7.72 0.0022199414539882
7.76 0.00234745545518513
7.8 0.00247311380243394
7.84 0.00259691796352806
7.88 0.00271887002825034
7.92 0.00283897268719767
7.96 0.00295722921111634
8 0.00307364343073739
