
###############[ Opgave A ]###############


       0.5       0.25       0.75      0.125      0.625      0.375      0.875     0.0625      0.563      0.313      0.813      0.188      0.688      0.438      0.938     0.0313      0.531      0.281      0.781      0.156      0.656      0.406      0.906     0.0938      0.594      0.344      0.844      0.219      0.719      0.469 
     0.333      0.667      0.111      0.444      0.778      0.222      0.556      0.889      0.037       0.37      0.704      0.148      0.481      0.815      0.259      0.593      0.926     0.0741      0.407      0.741      0.185      0.519      0.852      0.296       0.63      0.963     0.0123      0.346      0.679      0.123 
         0          0 
distance from a to closest point: 0.238964691533552


###############[ Opgave B ]###############


